79
9
2 0 0 1 
7 0 2 3 
12 0 4 1 
9 0 1 2 
5 0 2 4 
12 0 4 3 
5 0 3 2 
12 0 2 2 
1 0 1 0 
1 3 0 10 
9 7 6 11 
13 12 13 11 
8 7 6 13 
6 5 8 7 
6 12 6 8 
6 10 8 8 
11 12 10 12 
4 1 10 0 
1 1 0 8 
7 9 7 12 
5 13 8 6 
9 8 6 9 
11 6 11 13 
5 6 8 7 
6 6 7 9 
8 11 10 13 
1 4 5 0 
3 3 0 8 
12 7 10 10 
5 5 9 6 
10 9 5 9 
12 11 13 6 
13 8 12 9 
8 6 8 5 
8 8 5 8 
2 3 11 0 
3 3 0 7 
7 11 7 11 
11 5 11 10 
10 10 6 8 
7 12 7 13 
5 13 11 7 
5 9 7 6 
11 12 6 7 
4 1 7 0 
3 2 0 7 
11 7 9 13 
5 12 8 5 
5 10 8 8 
12 10 6 9 
11 5 7 12 
5 5 13 11 
7 8 13 13 
3 3 13 0 
3 1 0 11 
7 11 5 8 
12 5 12 8 
10 11 6 13 
10 12 6 12 
13 11 12 8 
9 9 13 7 
10 6 7 13 
2 2 9 0 
4 3 0 8 
6 5 12 10 
11 12 10 5 
9 10 13 9 
9 6 5 10 
12 13 7 10 
6 9 9 9 
9 10 11 10 
2 1 10 0 
0 4 0 1 
0 6 4 4 
0 13 4 2 
0 13 4 4 
0 9 3 3 
0 5 4 4 
0 11 1 4 
0 13 1 2 
0 2 2 0 