************************************************************************
jobs (incl. supersource/sink ):  32
horizon                       :  181
RESOURCES: 4
************************************************************************
PROJECT INFORMATION:
pronr.  #jobs
    1     30 
************************************************************************
PRECEDENCE RELATIONS:
jobnr.   #successors   successors
   1          3           2   3   4
   2          3           7   8  18
   3          1          16
   4          3           5   9  17
   5          3           6  12  19
   6          2          11  29
   7          3          10  14  28
   8          3          11  13  22
   9          2          15  18
  10          1          20
  11          1          24
  12          1          26
  13          1          26
  14          1          31
  15          1          26
  16          3          19  23  30
  17          1          22
  18          2          21  25
  19          1          29
  20          1          27
  21          1          27
  22          1          31
  23          1          24
  24          1          31
  25          1          28
  26          1          29
  27          1          30
  28          1          30
  29          1          32
  30          1          32
  31          1          32
  32          0        
************************************************************************
REQUESTS/DURATIONS:
jobnr. duration  R 1  R 2  R 3  R 4
------------------------------------------------------------------------
  1      0       0    0    0    0
  2      3       0    0    7    0
  3      8       2    0    0    0
  4      5       0    0    0    9
  5      7       4    0    0    0
  6      1       0    0    8    0
  7      8       0    0    9    0
  8     10       0    0    0    7
  9      2       0    1    0    0
 10      8       1    0    0    0
 11     10       0    0    0    7
 12      5       0    1    0    0
 13      1       2    0    0    0
 14      4       0    5    0    0
 15      1       0    0    0    1
 16      7       0    2    0    0
 17      6       0    0    3    0
 18     10      10    0    0    0
 19      4       0    0    0    6
 20     10       0    0    3    0
 21      9       0    7    0    0
 22      6       0    0    8    0
 23      5       0    0    0   10
 24      3       0    2    0    0
 25      2       0    0    0    4
 26      4       1    0    0    0
 27      7       0    0    3    0
 28      9       6    0    0    0
 29     10      10    0    0    0
 30     10       4    0    0    0
 31      6       0    1    0    0
 32      0       0    0    0    0
************************************************************************
RESOURCEAVAILABILITIES:
  R 1  R 2  R 3  R 4
   13    8   11   19
************************************************************************
