70
50

0 16 17 10 14 7 15 10 19 6 12 9 1 7 6 7 19 5 11 17 4 13 18 4 6 2 14 1 2 2 8 1 9 15 8 5 12 6 17 10 1 13 3 1 3 6 20 14 8 18 
16 0 17 8 6 12 5 20 7 18 8 1 12 14 6 20 18 4 17 8 18 19 5 12 2 9 8 8 20 18 16 14 15 2 2 17 9 4 11 17 9 6 11 20 9 13 5 2 20 1 
17 17 0 15 3 18 2 7 2 2 11 17 18 15 17 7 6 17 15 16 1 12 12 8 18 19 12 6 5 6 14 10 8 17 8 12 2 8 15 15 16 6 4 14 6 18 8 13 9 7 
10 8 15 0 9 3 7 5 19 20 12 10 15 3 19 10 15 1 16 4 4 10 6 9 17 17 11 4 9 5 9 13 20 4 5 17 7 5 6 2 5 9 10 14 18 5 20 5 13 14 
14 6 3 9 0 7 19 11 13 5 20 13 6 2 10 16 6 4 3 10 3 8 7 18 14 12 4 18 17 2 8 6 11 3 4 4 16 20 6 6 9 8 7 13 4 1 17 20 2 18 
7 12 18 3 7 0 6 11 6 16 4 14 9 15 15 11 11 12 4 16 17 1 1 2 19 6 14 4 20 4 8 11 18 12 5 12 15 18 16 11 5 8 15 20 13 8 1 17 4 20 
15 5 2 7 19 6 0 1 15 4 20 11 5 17 2 7 1 9 17 6 1 7 9 10 9 12 9 12 15 5 4 9 3 17 17 6 1 17 9 15 3 19 15 14 8 12 5 5 7 10 
10 20 7 5 11 11 1 0 17 17 1 20 13 17 6 19 20 9 10 2 5 1 2 3 11 18 4 2 17 1 16 3 17 11 17 20 14 20 1 13 14 7 8 2 20 16 8 10 19 18 
19 7 2 19 13 6 15 17 0 11 2 17 20 20 12 13 1 17 12 9 1 1 19 9 6 3 8 16 15 4 17 18 14 3 14 18 8 16 15 2 6 7 9 20 8 20 6 8 18 18 
6 18 2 20 5 16 4 17 11 0 10 18 1 13 5 2 16 2 7 19 20 20 4 14 14 2 6 15 4 4 18 5 3 4 2 4 17 14 4 11 19 6 18 11 15 20 16 6 4 13 
12 8 11 12 20 4 20 1 2 10 0 6 10 16 7 15 8 7 9 18 14 4 19 8 14 18 11 14 6 6 6 19 1 11 14 3 8 4 6 8 2 5 1 16 1 2 2 3 14 12 
9 1 17 10 13 14 11 20 17 18 6 0 7 1 19 17 12 16 10 19 12 5 15 5 9 14 2 16 12 17 3 9 2 9 17 13 3 7 11 9 14 9 12 9 7 11 9 10 5 14 
1 12 18 15 6 9 5 13 20 1 10 7 0 13 6 3 4 10 8 7 8 2 17 2 3 3 1 15 9 12 15 3 14 3 5 4 16 7 7 16 13 11 13 18 10 5 6 16 5 13 
7 14 15 3 2 15 17 17 20 13 16 1 13 0 16 17 19 5 20 18 12 8 14 14 13 1 19 12 12 1 10 2 18 17 11 1 9 5 5 12 19 3 7 10 19 18 11 12 5 4 
6 6 17 19 10 15 2 6 12 5 7 19 6 16 0 1 18 2 8 18 10 1 3 3 7 15 7 13 16 3 11 13 12 11 16 10 8 20 6 19 4 1 13 8 15 12 7 19 14 5 
7 20 7 10 16 11 7 19 13 2 15 17 3 17 1 0 18 13 6 3 12 14 4 6 5 3 10 17 15 11 9 5 18 13 1 20 19 4 7 6 7 9 19 11 14 18 12 10 9 14 
19 18 6 15 6 11 1 20 1 16 8 12 4 19 18 18 0 8 10 15 12 20 8 7 20 16 15 19 13 6 6 11 20 4 4 13 13 1 14 18 9 5 10 19 14 16 8 7 4 19 
5 4 17 1 4 12 9 9 17 2 7 16 10 5 2 13 8 0 10 13 19 12 17 13 8 17 13 1 14 20 6 6 5 6 7 5 15 10 14 8 17 17 9 11 10 18 2 11 10 15 
11 17 15 16 3 4 17 10 12 7 9 10 8 20 8 6 10 10 0 7 18 13 10 17 17 12 14 7 19 15 5 19 10 11 4 11 13 16 4 17 6 20 16 11 6 11 8 19 5 16 
17 8 16 4 10 16 6 2 9 19 18 19 7 18 18 3 15 13 7 0 8 18 15 12 10 18 2 12 18 9 12 4 19 2 3 13 13 18 6 9 14 18 5 16 10 5 18 4 14 9 
4 18 1 4 3 17 1 5 1 20 14 12 8 12 10 12 12 19 18 8 0 13 16 1 7 14 15 3 5 10 4 10 12 17 13 18 17 5 2 8 6 8 8 19 8 17 7 1 15 15 
13 19 12 10 8 1 7 1 1 20 4 5 2 8 1 14 20 12 13 18 13 0 20 14 18 5 16 6 20 3 14 6 19 7 17 2 13 6 16 7 5 2 10 14 9 6 10 8 16 3 
18 5 12 6 7 1 9 2 19 4 19 15 17 14 3 4 8 17 10 15 16 20 0 19 18 6 15 11 3 17 16 1 2 6 1 10 10 15 13 11 7 17 12 9 6 14 16 17 8 17 
4 12 8 9 18 2 10 3 9 14 8 5 2 14 3 6 7 13 17 12 1 14 19 0 15 18 20 20 6 10 12 20 1 7 17 14 9 15 4 15 18 8 9 7 10 17 2 12 8 8 
6 2 18 17 14 19 9 11 6 14 14 9 3 13 7 5 20 8 17 10 7 18 18 15 0 15 19 7 18 6 9 4 11 17 8 13 5 7 4 16 19 7 1 15 12 19 6 15 17 2 
2 9 19 17 12 6 12 18 3 2 18 14 3 1 15 3 16 17 12 18 14 5 6 18 15 0 3 13 20 6 7 4 8 10 3 17 2 14 16 5 17 3 17 9 3 20 20 2 6 11 
14 8 12 11 4 14 9 4 8 6 11 2 1 19 7 10 15 13 14 2 15 16 15 20 19 3 0 9 10 5 20 3 16 3 20 14 16 7 7 18 3 19 2 12 20 14 11 11 13 10 
1 8 6 4 18 4 12 2 16 15 14 16 15 12 13 17 19 1 7 12 3 6 11 20 7 13 9 0 2 3 7 10 14 13 2 12 4 9 11 15 12 4 4 18 1 1 5 10 2 17 
2 20 5 9 17 20 15 17 15 4 6 12 9 12 16 15 13 14 19 18 5 20 3 6 18 20 10 2 0 2 4 11 7 8 2 14 18 11 15 11 9 19 13 1 14 18 1 19 14 12 
2 18 6 5 2 4 5 1 4 4 6 17 12 1 3 11 6 20 15 9 10 3 17 10 6 6 5 3 2 0 4 7 9 14 1 13 15 14 8 10 20 1 13 10 14 7 16 15 11 15 
8 16 14 9 8 8 4 16 17 18 6 3 15 10 11 9 6 6 5 12 4 14 16 12 9 7 20 7 4 4 0 12 2 18 6 10 17 20 13 12 20 3 2 6 7 18 15 9 8 17 
1 14 10 13 6 11 9 3 18 5 19 9 3 2 13 5 11 6 19 4 10 6 1 20 4 4 3 10 11 7 12 0 8 2 9 18 7 18 9 20 5 19 14 3 5 2 18 19 4 10 
9 15 8 20 11 18 3 17 14 3 1 2 14 18 12 18 20 5 10 19 12 19 2 1 11 8 16 14 7 9 2 8 0 7 5 3 3 17 16 10 3 16 4 18 18 7 17 2 4 14 
15 2 17 4 3 12 17 11 3 4 11 9 3 17 11 13 4 6 11 2 17 7 6 7 17 10 3 13 8 14 18 2 7 0 13 4 8 1 9 8 9 15 11 20 14 2 15 8 13 1 
8 2 8 5 4 5 17 17 14 2 14 17 5 11 16 1 4 7 4 3 13 17 1 17 8 3 20 2 2 1 6 9 5 13 0 3 20 10 5 5 2 14 4 9 8 3 12 6 14 4 
5 17 12 17 4 12 6 20 18 4 3 13 4 1 10 20 13 5 11 13 18 2 10 14 13 17 14 12 14 13 10 18 3 4 3 0 19 20 13 10 16 1 4 12 12 12 17 2 12 1 
12 9 2 7 16 15 1 14 8 17 8 3 16 9 8 19 13 15 13 13 17 13 10 9 5 2 16 4 18 15 17 7 3 8 20 19 0 16 1 2 12 15 1 7 3 15 5 7 5 2 
6 4 8 5 20 18 17 20 16 14 4 7 7 5 20 4 1 10 16 18 5 6 15 15 7 14 7 9 11 14 20 18 17 1 10 20 16 0 2 9 4 5 2 8 18 1 14 6 15 13 
17 11 15 6 6 16 9 1 15 4 6 11 7 5 6 7 14 14 4 6 2 16 13 4 4 16 7 11 15 8 13 9 16 9 5 13 1 2 0 16 15 9 20 6 15 2 1 4 14 12 
10 17 15 2 6 11 15 13 2 11 8 9 16 12 19 6 18 8 17 9 8 7 11 15 16 5 18 15 11 10 12 20 10 8 5 10 2 9 16 0 13 1 4 12 6 1 7 13 13 18 
1 9 16 5 9 5 3 14 6 19 2 14 13 19 4 7 9 17 6 14 6 5 7 18 19 17 3 12 9 20 20 5 3 9 2 16 12 4 15 13 0 19 1 14 19 1 1 11 11 19 
13 6 6 9 8 8 19 7 7 6 5 9 11 3 1 9 5 17 20 18 8 2 17 8 7 3 19 4 19 1 3 19 16 15 14 1 15 5 9 1 19 0 1 20 14 10 10 17 15 10 
3 11 4 10 7 15 15 8 9 18 1 12 13 7 13 19 10 9 16 5 8 10 12 9 1 17 2 4 13 13 2 14 4 11 4 4 1 2 20 4 1 1 0 19 10 16 10 6 18 19 
1 20 14 14 13 20 14 2 20 11 16 9 18 10 8 11 19 11 11 16 19 14 9 7 15 9 12 18 1 10 6 3 18 20 9 12 7 8 6 12 14 20 19 0 6 10 13 13 16 2 
3 9 6 18 4 13 8 20 8 15 1 7 10 19 15 14 14 10 6 10 8 9 6 10 12 3 20 1 14 14 7 5 18 14 8 12 3 18 15 6 19 14 10 6 0 3 9 5 12 20 
6 13 18 5 1 8 12 16 20 20 2 11 5 18 12 18 16 18 11 5 17 6 14 17 19 20 14 1 18 7 18 2 7 2 3 12 15 1 2 1 1 10 16 10 3 0 6 14 4 17 
20 5 8 20 17 1 5 8 6 16 2 9 6 11 7 12 8 2 8 18 7 10 16 2 6 20 11 5 1 16 15 18 17 15 12 17 5 14 1 7 1 10 10 13 9 6 0 15 17 2 
14 2 13 5 20 17 5 10 8 6 3 10 16 12 19 10 7 11 19 4 1 8 17 12 15 2 11 10 19 15 9 19 2 8 6 2 7 6 4 13 11 17 6 13 5 14 15 0 11 11 
8 20 9 13 2 4 7 19 18 4 14 5 5 5 14 9 4 10 5 14 15 16 8 8 17 6 13 2 14 11 8 4 4 13 14 12 5 15 14 13 11 15 18 16 12 4 17 11 0 10 
18 1 7 14 18 20 10 18 18 13 12 14 13 4 5 14 19 15 16 9 15 3 17 8 2 11 10 17 12 15 17 10 14 1 4 1 2 13 12 18 19 10 19 2 20 17 2 11 10 0 

42 5 36 1 49 17 37 45 33 46 4 11 22 10 23 8 48 28 21 13 3 29 12 6 43 
38 0 37 1 10 31 33 41 29 24 44 8 35 46 32 47 3 2 40 27 23 15 14 17 26 
18 37 6 8 23 14 33 21 46 36 35 49 15 9 44 34 22 43 12 11 1 19 3 29 27 
27 20 31 40 36 13 23 6 4 0 47 12 38 15 18 24 26 9 19 1 29 43 7 2 3 34 21 41 22 46 17 32 48 16 10 28 11 37 33 25 39 44 
32 9 45 16 42 46 8 22 19 24 35 47 15 43 30 3 13 26 36 34 1 38 37 14 23 
30 9 11 40 37 47 16 39 18 3 20 21 8 34 49 19 5 25 46 15 42 13 14 22 41 35 32 36 44 7 48 27 29 2 43 12 4 31 28 17 45 26 6 1 33 23 10 
32 12 9 34 11 2 1 8 17 28 23 22 6 31 43 16 4 45 38 0 26 10 24 15 37 
14 3 32 19 20 34 5 12 26 48 0 7 4 1 40 22 33 36 42 6 9 15 31 38 35 
41 25 45 7 42 18 47 38 14 49 37 5 17 8 30 29 1 23 6 12 20 27 0 28 26 
37 43 27 26 40 2 1 31 35 49 44 48 17 18 28 4 41 45 15 47 5 8 32 20 25 3 34 9 46 42 10 38 6 16 33 23 29 13 39 0 11 
44 30 12 5 37 1 4 38 8 14 35 16 23 39 17 34 27 11 18 10 48 7 2 24 25 
19 14 21 18 24 15 32 20 11 3 36 33 31 49 30 28 9 17 39 46 25 1 43 48 27 16 44 5 29 8 45 42 13 22 40 7 38 0 26 4 6 2 23 37 41 34 12 
29 17 35 34 20 13 46 44 10 8 41 3 25 31 9 1 15 0 14 43 47 38 7 32 33 
33 45 19 32 0 18 8 49 38 35 2 20 17 5 12 26 37 16 3 11 28 7 30 10 14 
3 12 44 46 48 23 45 17 15 25 4 18 8 7 35 33 43 10 38 47 29 36 20 34 19 
9 8 15 38 7 14 6 21 0 29 16 17 39 12 36 11 18 37 42 44 41 43 28 32 23 
44 22 37 4 23 14 47 48 35 30 5 3 15 10 24 27 11 26 36 38 34 28 20 29 40 8 31 13 49 2 21 41 12 45 17 16 
12 37 7 0 5 21 18 32 38 47 35 42 13 39 34 44 25 28 40 43 48 20 27 2 11 
34 17 22 18 7 35 8 39 12 14 26 37 0 45 1 15 6 4 19 2 48 21 47 38 46 
29 7 25 2 3 43 34 44 20 18 19 35 15 27 10 37 42 30 14 9 49 40 5 32 6 
27 35 5 10 23 44 3 29 48 24 17 31 43 40 37 30 4 7 28 32 33 0 21 8 14 41 26 9 
28 7 29 32 8 44 20 21 48 47 16 1 13 36 6 27 2 22 9 30 35 10 0 41 39 17 4 37 23 33 15 18 14 
35 12 25 24 16 33 40 47 23 20 7 29 1 41 3 18 48 32 37 44 34 38 5 6 2 0 13 22 15 46 4 28 39 42 8 43 30 45 19 14 26 36 10 17 11 31 21 49 
8 7 35 24 20 1 3 10 41 15 45 49 33 26 12 25 6 28 29 37 21 2 18 44 9 
12 5 34 18 44 38 26 7 48 11 4 13 35 40 39 21 20 0 6 37 42 17 19 28 31 
8 27 17 18 35 25 16 3 2 36 46 44 33 42 9 30 21 1 14 43 13 28 41 19 5 
1 18 25 39 28 9 44 36 35 49 47 23 16 5 38 37 34 27 24 3 42 20 6 0 7 
17 7 2 3 43 4 35 10 14 22 40 38 48 46 27 23 41 49 1 13 11 19 25 31 39 12 28 6 20 5 45 9 33 30 47 8 15 34 29 16 37 36 24 
7 42 36 47 11 0 27 9 30 31 25 23 40 21 6 14 24 35 2 39 8 17 49 26 20 
18 30 32 47 9 44 40 22 11 20 46 38 37 35 7 28 21 36 3 39 43 5 8 42 25 13 14 4 26 6 17 16 19 31 45 48 10 
20 42 31 12 34 3 23 0 39 9 21 44 6 7 27 11 47 4 13 29 17 33 1 14 24 10 37 30 32 49 8 22 46 5 26 2 28 40 35 25 16 19 45 
38 5 48 1 46 13 0 14 15 8 21 31 3 17 49 25 22 39 7 45 26 11 33 4 2 
17 24 12 1 13 39 4 36 16 3 15 48 5 14 20 18 44 33 35 38 37 47 45 6 11 8 9 29 27 2 34 46 49 7 0 40 31 
24 17 3 28 35 32 39 16 31 10 18 13 38 44 15 11 1 49 0 14 12 30 48 7 9 
48 18 10 41 21 7 19 29 20 1 37 27 2 17 11 0 16 39 30 42 13 8 35 28 15 36 
25 16 9 2 38 19 14 47 15 5 1 45 36 35 18 3 17 39 33 22 6 29 31 4 28 26 27 23 46 40 37 34 42 24 43 41 12 32 11 13 
25 24 8 2 3 49 15 30 33 40 29 7 36 31 47 46 28 23 32 12 20 38 4 14 39 
46 38 16 17 41 49 4 23 34 31 29 43 0 36 18 35 40 14 5 24 25 12 37 6 20 28 1 11 21 30 42 45 7 19 
34 25 27 23 32 31 49 6 16 24 7 38 10 3 2 5 26 42 47 13 4 40 12 19 45 1 36 21 39 
15 11 10 19 0 12 7 8 28 49 45 48 26 16 30 2 17 42 9 35 34 13 3 21 14 24 41 5 23 27 44 1 33 32 25 38 6 22 37 43 20 46 31 29 40 18 36 39 47 
2 21 11 40 7 41 27 47 13 46 36 48 22 17 10 32 38 14 37 44 3 18 6 29 42 
23 42 31 26 21 1 30 20 35 10 38 27 4 9 25 29 44 7 43 45 32 18 41 2 24 
21 40 22 29 44 4 3 15 46 13 38 27 30 19 28 34 31 32 37 2 18 47 45 12 25 
47 44 5 13 28 46 42 33 20 11 41 48 19 34 12 37 35 0 3 2 21 45 39 27 31 7 43 29 32 18 9 49 26 40 8 22 4 38 25 23 24 10 36 1 6 17 
45 25 46 37 18 33 6 12 31 49 42 21 14 41 36 28 8 39 23 5 3 38 34 20 1 
6 42 32 35 33 4 18 9 49 0 43 31 13 40 15 25 28 29 30 14 2 23 3 36 46 
34 35 32 30 42 37 44 31 12 21 8 17 20 25 36 26 23 41 47 28 15 18 13 5 11 24 
6 48 22 7 31 32 19 41 28 39 16 27 0 37 43 9 20 34 44 10 3 42 17 15 14 36 12 35 23 18 26 24 38 29 5 46 45 
22 43 49 2 48 23 20 39 46 28 3 35 40 26 8 27 32 45 41 14 15 30 31 19 11 17 36 33 12 
29 9 41 37 26 22 18 47 21 19 0 6 32 7 38 24 34 35 33 48 36 46 4 3 31 11 
8 2 15 33 39 37 21 25 3 27 43 36 4 9 14 22 19 20 29 16 17 6 46 31 30 
37 47 40 39 30 17 44 15 25 46 14 3 2 7 27 19 35 12 31 5 4 23 49 45 42 
18 16 5 0 14 44 2 38 25 13 42 15 19 48 23 31 12 26 27 3 39 7 29 45 22 
39 33 34 18 14 9 4 5 31 17 35 26 20 48 47 12 15 3 29 32 10 37 36 41 38 
22 47 26 32 48 17 28 27 14 11 34 20 24 43 31 10 38 44 33 49 45 13 19 29 9 
20 31 49 5 45 13 2 34 36 14 44 26 42 10 28 17 25 29 33 1 0 30 21 16 35 
44 23 41 20 11 7 2 42 17 35 48 5 9 1 45 13 12 43 28 39 33 27 6 0 18 
9 0 40 29 10 47 33 38 45 41 8 14 39 48 1 12 32 34 30 23 21 20 49 24 11 
13 17 12 16 14 8 24 9 11 2 25 6 5 36 39 35 29 27 7 28 33 30 45 10 18 
12 48 32 1 45 30 42 47 2 9 36 28 3 22 14 5 33 44 34 37 46 16 11 18 39 23 13 0 21 40 15 7 41 17 43 
6 23 15 29 24 12 1 17 39 43 33 7 13 31 20 22 48 41 35 2 44 10 4 9 5 
22 17 24 4 11 41 27 28 32 9 18 7 13 26 2 6 19 12 31 42 1 37 0 45 15 
29 33 23 19 13 12 30 7 8 4 14 32 40 37 6 1 22 49 21 42 27 15 34 0 17 
27 2 30 20 46 0 45 21 16 14 23 32 1 11 7 33 25 19 24 26 42 13 17 37 40 49 
16 33 36 48 24 30 41 1 32 0 12 5 13 17 43 21 38 49 34 42 9 44 15 37 26 
8 37 18 0 49 43 27 7 30 9 20 22 14 25 13 42 48 26 10 36 35 5 17 6 29 11 39 21 38 33 24 2 41 40 4 46 47 19 23 1 45 44 32 3 31 15 
5 27 33 8 24 25 36 23 29 22 0 14 13 34 1 46 45 9 3 39 37 7 35 44 41 26 20 30 16 48 19 
20 10 2 1 29 44 9 40 33 18 32 6 34 47 4 25 15 42 49 12 19 0 45 8 37 
4 23 40 44 27 45 20 24 41 12 31 14 15 6 5 17 18 22 47 26 48 32 16 21 37 35 1 19 46 29 28 34 
10 42 16 6 25 29 14 18 3 24 36 34 13 33 8 23 1 30 44 49 37 22 46 47 28 27 4 31 0 9 35 39 41 26 32 20 19 5 38 43 
