16
20

0 12 6 3 1 11 17 15 4 5 15 14 2 7 18 14 3 11 17 9 
12 0 11 11 8 4 12 13 16 8 2 2 17 13 9 7 17 4 15 19 
6 11 0 4 12 19 14 20 13 5 17 15 4 4 2 20 18 13 7 2 
3 11 4 0 8 15 19 18 8 18 17 14 2 16 9 9 18 13 8 8 
1 8 12 8 0 16 18 5 18 12 15 3 6 20 14 8 16 15 4 15 
11 4 19 15 16 0 18 8 19 18 7 9 7 12 15 10 14 20 3 18 
17 12 14 19 18 18 0 15 5 4 5 18 12 5 15 20 12 14 18 16 
15 13 20 18 5 8 15 0 19 2 15 11 18 11 1 7 13 17 5 19 
4 16 13 8 18 19 5 19 0 2 8 3 18 16 9 12 11 3 4 11 
5 8 5 18 12 18 4 2 2 0 4 1 3 7 10 1 18 18 5 8 
15 2 17 17 15 7 5 15 8 4 0 17 12 9 11 15 13 6 18 20 
14 2 15 14 3 9 18 11 3 1 17 0 10 20 8 19 18 9 16 16 
2 17 4 2 6 7 12 18 18 3 12 10 0 3 12 1 13 12 9 17 
7 13 4 16 20 12 5 11 16 7 9 20 3 0 3 7 5 12 4 10 
18 9 2 9 14 15 15 1 9 10 11 8 12 3 0 16 19 12 10 6 
14 7 20 9 8 10 20 7 12 1 15 19 1 7 16 0 15 12 11 3 
3 17 18 18 16 14 12 13 11 18 13 18 13 5 19 15 0 4 9 13 
11 4 13 13 15 20 14 17 3 18 6 9 12 12 12 12 4 0 19 9 
17 15 7 8 4 3 18 5 4 5 18 16 9 4 10 11 9 19 0 7 
9 19 2 8 15 18 16 19 11 8 20 16 17 10 6 3 13 9 7 0 

3 4 5 10 15 13 17 0 11 9 8 
11 17 7 15 5 12 1 6 18 9 16 13 14 
9 15 18 6 19 12 5 11 16 2 0 13 
4 12 13 7 10 14 16 18 9 19 
6 1 9 2 19 10 12 13 16 7 
10 19 18 9 11 7 16 6 0 4 1 14 8 15 5 2 12 13 3 
1 12 19 14 11 16 15 8 5 9 7 0 4 3 13 2 10 18 6 
17 14 5 1 11 13 12 4 19 2 
2 3 4 5 10 11 7 17 14 19 
1 15 7 10 12 2 5 0 16 17 
14 9 8 1 17 19 0 7 3 5 
12 16 18 14 8 5 15 9 13 10 6 7 19 4 17 2 
12 11 13 10 15 0 4 7 5 8 
11 17 8 1 4 18 7 2 13 12 
6 15 0 2 16 14 7 11 9 4 
12 7 2 13 15 9 17 0 19 11 1 5 10 6 4 18 14 3 8 