************************************************************************
jobs (incl. supersource/sink ):  62
horizon                       :  313
RESOURCES: 4
************************************************************************
PROJECT INFORMATION:
pronr.  #jobs 
    1     60  
************************************************************************
PRECEDENCE RELATIONS:
jobnr.   #successors   successors
   1          3           2   3   4
   2          2           5  17
   3          3           6   8  15
   4          3           9  19  22
   5          2          18  20
   6          3           7  11  13
   7          1          21
   8          3          10  12  14
   9          3          16  26  47
  10          1          24
  11          2          20  58
  12          2          31  37
  13          1          23
  14          3          28  51  52
  15          1          42
  16          2          25  60
  17          1          52
  18          2          50  57
  19          2          29  32
  20          2          31  47
  21          1          35
  22          2          27  34
  23          2          36  49
  24          3          29  30  39
  25          1          48
  26          1          57
  27          1          32
  28          1          30
  29          1          41
  30          1          54
  31          3          34  44  53
  32          1          33
  33          1          59
  34          1          45
  35          2          43  44
  36          2          38  46
  37          1          41
  38          1          56
  39          1          40
  40          1          59
  41          2          45  52
  42          1          55
  43          1          47
  44          1          60
  45          1          57
  46          1          61
  47          1          55
  48          1          53
  49          1          53
  50          1          54
  51          2          58  60
  52          1          56
  53          1          54
  54          1          55
  55          1          56
  56          1          61
  57          1          59
  58          1          61
  59          1          62
  60          1          62
  61          1          62
  62          0        
************************************************************************
REQUESTS/DURATIONS:
jobnr. duration  R 1  R 2  R 3  R 4
------------------------------------------------------------------------
  1       0       0    0    0    0
  2       3       0    0   10    8
  3       9       5   10    0    0
  4       4       3    1    0    0
  5       4       0    0    7    0
  6       2       8    0    5    2
  7       2      10    0    7    8
  8       1       0    2    0    0
  9       1       2    4   10    0
 10       1       0   10    2    3
 11       7       0   10    0   10
 12       2       7    0    0    9
 13       6       0    0    8    3
 14       1       7    4    9    0
 15       1       8    0    0    4
 16       4       0    6    2    0
 17       9       0    0    8    0
 18       9       0    8    2    0
 19       3       0    0    0    7
 20       1       1    0    0    6
 21       7       0    0    0    4
 22       6       9    3    7    6
 23       7       0    0    0    2
 24       5       2    4    0    9
 25       9       9    0    0    1
 26       1       7    9    9    6
 27       4       0    0    0    9
 28       9       0    3    0    5
 29       4       1    0    0    2
 30      10       9    0    0    1
 31       8       0    0    1    0
 32       1       0    0    0    7
 33      10       7    0    0    0
 34       1       6    0    0   10
 35       3       1    0    3    0
 36       4       0    0    1    0
 37      10       1    7    0    9
 38       8       6    0    0    4
 39       4      10    0    5    0
 40       7       0    4    3    5
 41       4      10    0    8    0
 42      10       3    4   10    9
 43       5       0    0    8    7
 44       1      10    0    2    8
 45       5       0    7    0    8
 46       4       0    5    0    0
 47       1       7    0    3    7
 48       1       2    0    9    0
 49       8       9    4    0    8
 50       3       2    0   10    0
 51      10       0    2    0    5
 52       8       0    0    4    8
 53       6       0    9    0    0
 54       3       0    0    0    5
 55       8       9    0    0    1
 56       9       0    0    0    9
 57       5       0    0    5    1
 58      10       8    0    9    0
 59       8       0    7    0    5
 60      10       4    0    0    0
 61       6       0    1    7    0
 62       0       0    0    0    0
************************************************************************
RESOURCEAVAILABILITIES:
  R 1  R 2  R 3  R 4
   17   16   15   22
************************************************************************
