34
9
1 0 0 1 
10 0 1 4 
13 0 4 4 
12 0 4 3 
13 0 3 3 
11 0 3 2 
13 0 2 4 
12 0 4 1 
4 0 1 0 
4 1 0 11 
5 10 11 12 
6 13 12 11 
5 12 8 5 
11 13 5 5 
7 11 5 8 
5 13 8 6 
6 12 6 8 
3 4 8 0 
4 4 0 6 
5 5 6 9 
7 6 9 5 
8 5 6 8 
5 6 8 7 
11 7 7 11 
11 5 11 10 
13 6 10 11 
1 3 11 0 
4 4 0 5 
11 5 7 12 
6 7 12 11 
12 8 11 13 
11 7 13 5 
8 7 5 6 
5 10 6 9 
9 13 9 10 
3 1 10 0 
2 4 0 5 
8 8 5 8 
10 6 8 8 
5 12 8 12 
12 11 12 10 
8 8 10 5 
9 5 10 9 
6 9 9 9 
3 3 9 0 
3 2 0 7 
6 6 7 9 
12 10 5 6 
7 13 6 10 
7 12 10 10 
6 8 10 10 
6 9 10 12 
9 6 9 8 
3 3 8 0 
3 3 0 7 
6 13 7 8 
10 12 6 12 
9 7 6 11 
13 11 11 6 
7 12 9 7 
13 7 7 12 
13 9 11 7 
2 3 5 0 
2 3 0 7 
9 9 7 13 
7 10 13 12 
13 8 12 9 
7 8 13 13 
13 12 13 11 
10 13 11 8 
9 10 11 10 
2 2 12 0 
0 2 0 2 
0 9 2 2 
0 10 2 1 
0 5 1 4 
0 7 4 1 
0 13 1 2 
0 9 2 1 
0 8 1 1 
0 2 1 0 