************************************************************************
jobs (incl. supersource/sink ):  62
horizon                       :  292
RESOURCES: 4
************************************************************************
PROJECT INFORMATION:
pronr.  #jobs 
    1     60  
************************************************************************
PRECEDENCE RELATIONS:
jobnr.   #successors   successors
   1          3           2   3   4
   2          3           5   8  28
   3          3           6   7  11
   4          1          55
   5          3           7  13  61
   6          2           9  45
   7          3          10  29  40
   8          3          12  33  39
   9          3          14  21  24
  10          1          14
  11          2          18  19
  12          1          36
  13          3          15  19  20
  14          2          26  32
  15          3          16  17  39
  16          2          23  48
  17          3          27  30  38
  18          3          22  40  55
  19          2          23  34
  20          2          41  46
  21          2          28  41
  22          3          23  28  34
  23          1          25
  24          1          36
  25          3          33  47  57
  26          2          31  41
  27          2          34  37
  28          3          43  49  51
  29          2          36  54
  30          3          35  37  48
  31          2          44  53
  32          2          48  55
  33          2          38  44
  34          2          51  58
  35          1          52
  36          1          56
  37          3          40  44  47
  38          2          42  53
  39          1          43
  40          1          42
  41          1          49
  42          1          54
  43          1          56
  44          2          51  52
  45          1          57
  46          2          47  49
  47          1          50
  48          1          56
  49          1          58
  50          2          52  53
  51          1          54
  52          1          58
  53          2          59  60
  54          1          60
  55          1          59
  56          1          57
  57          1          59
  58          1          60
  59          1          62
  60          1          62
  61          1          62
  62          0        
************************************************************************
REQUESTS/DURATIONS:
jobnr. duration  R 1  R 2  R 3  R 4
------------------------------------------------------------------------
  1      0       0    0    0    0
  2      4       7    0    8    8
  3      3       0    7    2    8
  4      3       4    0   10    9
  5     10       8    0    7    1
  6      2       7    2   10    4
  7      1       0    4    1    4
  8      1       7    1    0    1
  9      6       7    2    5    0
 10      9       3    5    3    7
 11      8       3    9    6    8
 12      3       8    6   10    0
 13      9       0    0    6    7
 14      2       5    5    0    7
 15      3       2    6    1   10
 16      2       0    4    5    7
 17      6       0    4   10   10
 18      7       5    6    8    0
 19      1       8    0    2    1
 20      3       2    6   10    8
 21      1      10    2    5    6
 22      8       8    7    8   10
 23      5       3    0    1   10
 24      5       2    1    9    9
 25      5      10    6    4    6
 26      7       4    9   10    0
 27      4       0    1    0    0
 28      6       5    6    7    2
 29      4       0   10    5    9
 30      6       3    5    0    9
 31      2      10    7    2    5
 32      6       9   10    0    0
 33      9       6    0    0    1
 34      6       6    1    3    1
 35      1       1    2    0    0
 36      7       4    3    3    0
 37      9       7    4    1    4
 38      7       9    6    6    9
 39      1       0    3    4    9
 40      4       1    0    1    0
 41      1       0    0    9    5
 42      4       3    0    5    1
 43      7       0    8    0    9
 44      8       8    8    0    1
 45      1       8    9    1    1
 46      9       4    0    0    5
 47      2       7    5    0    8
 48      9       8   10    0    5
 49     10       5    8    0    0
 50      9       0    0    2    6
 51      5       7    0    0    6
 52      2       0   10    2    0
 53      6      10    7    1    7
 54      3       0    9    0    6
 55      3       7    0    2   10
 56      1       3    7    7    0
 57      3       6   10    0    6
 58     10       6    1    7    0
 59      7       1    0    0    1
 60      1       7    3    2    0
 61      5       9    3    4    7
 62      0       0    0    0    0
************************************************************************
RESOURCEAVAILABILITIES:
  R 1  R 2  R 3  R 4
   15   15   15   18
************************************************************************
