************************************************************************
jobs (incl. supersource/sink ):  92
horizon                       :  492
RESOURCES: 4
************************************************************************
PROJECT INFORMATION:
pronr.  #jobs 
    1     90  
************************************************************************
PRECEDENCE RELATIONS:
jobnr.   #successors   successors
   1          3           2   3   4
   2          3           5  17  29
   3          1          31
   4          2           9  48
   5          3           6   7   8
   6          3          15  22  51
   7          3          10  12  14
   8          3          16  21  58
   9          2          32  43
  10          3          11  20  24
  11          1          80
  12          3          13  35  54
  13          2          19  33
  14          3          26  30  50
  15          3          23  39  42
  16          2          18  25
  17          1          74
  18          1          31
  19          1          83
  20          1          40
  21          2          46  47
  22          2          37  50
  23          3          27  28  63
  24          3          36  65  75
  25          1          56
  26          1          44
  27          1          45
  28          1          38
  29          2          41  66
  30          1          55
  31          2          34  60
  32          3          52  53  67
  33          1          79
  34          1          75
  35          2          49  76
  36          1          69
  37          2          61  62
  38          2          57  88
  39          1          68
  40          2          59  72
  41          2          46  81
  42          1          44
  43          1          91
  44          1          73
  45          1          80
  46          1          69
  47          2          55  57
  48          1          64
  49          1          61
  50          1          85
  51          1          90
  52          1          64
  53          3          70  71  83
  54          1          77
  55          1          85
  56          1          79
  57          1          60
  58          1          81
  59          1          74
  60          1          69
  61          1          79
  62          1          87
  63          1          86
  64          1          65
  65          2          76  83
  66          1          90
  67          1          68
  68          2          81  89
  69          1          74
  70          1          88
  71          2          73  78
  72          2          73  84
  73          1          76
  74          1          78
  75          1          78
  76          1          82
  77          2          84  86
  78          1          87
  79          1          87
  80          1          82
  81          1          90
  82          1          85
  83          1          84
  84          1          91
  85          1          86
  86          1          88
  87          1          91
  88          1          89
  89          1          92
  90          1          92
  91          1          92
  92          0        
************************************************************************
REQUESTS/DURATIONS:
jobnr. duration  R 1  R 2  R 3  R 4
------------------------------------------------------------------------
  1      0       0    0    0    0
  2      2       0    7   10    0
  3      9      10    1   10    0
  4      7       1    0    0    6
  5      9       0    3    1    5
  6      2       0   10    8    0
  7      1       2    8    0    0
  8      6       5   10    0   10
  9      5       0    4    0    0
 10      2       0    9    0    1
 11      8      10    0    7    0
 12      7       0    8    0    5
 13     10       0    0    0    8
 14      7       5    0    0    9
 15      4       0    0    3    6
 16      3       6    0    9    8
 17      1       7    0    8    9
 18      2       9    6    5    1
 19      3       5    0    0   10
 20      9       0    0   10    0
 21      4       9    7    3    2
 22      7       4   10   10    2
 23      4       2    0    1    0
 24      8       0    0    3    4
 25      4       1    0    0    0
 26      9       1    0    0    0
 27      6       0    0    9    0
 28      8      10    9    0    0
 29      7       0    5    0    0
 30     10       0    2    0    9
 31      7       0    0    1    0
 32      6       0    2    0    3
 33     10       0    5    0    2
 34      7       1    0    1    0
 35      7       6    0    0    0
 36      8       0    0    1   10
 37      1       4    0    1    0
 38      4       0    0    0    5
 39      6       0    0    3    6
 40      8       0    8    0    5
 41      8       0    0    7    7
 42      6       0    0    3    8
 43      5       5    0    4    0
 44      3       2    3    0    0
 45      4       1    0    0    0
 46      6       0    0    0    9
 47     10       0    0    0    7
 48      2       0   10    0    0
 49      3       0    0    7    0
 50      6       0   10    0    4
 51      2       0    0    4    9
 52      1       0    5    7    3
 53      1       3   10    0    6
 54      7       0    6    0   10
 55     10       0    0    0    3
 56      8       0    8    0    8
 57      3       5    5    9   10
 58      4       0    0    0    2
 59     10       0    0    2    0
 60      6       0    6    0    0
 61      5       0    0    2    0
 62      2       6    0    8    0
 63      5       4    0    8    0
 64      2       5    0    0    3
 65      9       0    5    0    0
 66      4       6    8    4    0
 67      3       0    0   10    0
 68      4       6    0    6    0
 69      8       3    9    0    2
 70      6       0    4    0    6
 71     10       5    2    0    0
 72      7       3    0    0    8
 73      7       0    1    0    3
 74     10       7    1    0    0
 75     10       0    4    7    3
 76      2       1    0    0    7
 77      8       5    0    2    0
 78      6       0    3    0   10
 79      1       1    6    8    0
 80      3       3    0    3    9
 81     10       4    0    1    1
 82      1       0    1    0    1
 83      2       2    0   10    0
 84      9       0   10    1    1
 85      2       4    6    4    6
 86      6       0    0    6    0
 87      5      10    4    0    0
 88      1       5    2    8    0
 89      6       0    8    0    9
 90      1       1    0    0    2
 91      4       0   10    0    0
 92      0       0    0    0    0
************************************************************************
RESOURCEAVAILABILITIES:
  R 1  R 2  R 3  R 4
   18   19   21   23
************************************************************************
