************************************************************************
jobs (incl. supersource/sink ):  32
horizon                       :  158
RESOURCES: 4
************************************************************************
PROJECT INFORMATION:
pronr.  #jobs 
    1     30  
************************************************************************
PRECEDENCE RELATIONS:
jobnr.   #successors   successors
   1          3           2   3   4
   2          3           6  11  15
   3          3           7   8  13
   4          3           5   9  10
   5          1          20
   6          1          30
   7          1          27
   8          3          12  19  27
   9          1          14
  10          2          16  25
  11          2          20  26
  12          1          14
  13          2          17  18
  14          1          17
  15          1          25
  16          2          21  22
  17          1          22
  18          2          20  22
  19          2          24  29
  20          2          23  25
  21          1          28
  22          1          23
  23          1          24
  24          1          30
  25          1          30
  26          1          31
  27          1          28
  28          1          31
  29          1          32
  30          1          32
  31          1          32
  32          0        
************************************************************************
REQUESTS/DURATIONS:
jobnr. duration  R 1  R 2  R 3  R 4
------------------------------------------------------------------------
  1       0       0    0    0    0
  2       8       4    0    0    0
  3       4      10    0    0    0
  4       6       0    0    0    3
  5       3       3    0    0    0
  6       8       0    0    0    8
  7       5       4    0    0    0
  8       9       0    1    0    0
  9       2       6    0    0    0
 10       7       0    0    0    1
 11       9       0    5    0    0
 12       2       0    7    0    0
 13       6       4    0    0    0
 14       3       0    8    0    0
 15       9       3    0    0    0
 16      10       0    0    0    5
 17       6       0    0    0    8
 18       5       0    0    0    7
 19       3       0    1    0    0
 20       7       0   10    0    0
 21       2       0    0    0    6
 22       7       2    0    0    0
 23       2       3    0    0    0
 24       3       0    9    0    0
 25       3       4    0    0    0
 26       7       0    0    4    0
 27       8       0    0    0    7
 28       3       0    8    0    0
 29       7       0    7    0    0
 30       2       0    7    0    0
 31       2       0    0    2    0
 32       0       0    0    0    0
************************************************************************
RESOURCEAVAILABILITIES:
  R 1  R 2  R 3  R 4
   12   13    4   12
************************************************************************
