57
8
6 0 0 3 
14 0 3 1 
13 0 1 5 
14 0 5 3 
10 0 3 1 
10 0 1 2 
14 0 1 8 
5 0 8 0 
5 6 0 14 
14 11 11 14 
14 13 14 16 
10 14 10 16 
13 10 14 10 
12 14 15 14 
13 11 12 15 
6 5 10 0 
4 5 0 16 
10 14 9 12 
16 13 10 14 
9 14 14 14 
12 13 11 10 
10 15 10 14 
9 13 16 9 
3 6 9 0 
7 4 0 16 
16 10 13 12 
16 16 10 13 
10 9 12 10 
15 16 10 13 
15 13 15 15 
10 13 15 13 
1 3 9 0 
7 7 0 13 
9 16 13 11 
9 16 16 11 
13 10 11 16 
10 15 12 10 
13 14 16 13 
16 13 10 13 
4 1 13 0 
1 7 0 10 
12 12 12 10 
10 12 10 12 
11 14 13 10 
13 13 10 16 
14 11 11 12 
10 16 10 15 
3 4 12 0 
6 1 0 10 
9 16 16 9 
13 11 9 13 
10 13 14 10 
13 13 10 12 
16 13 14 12 
11 10 10 11 
3 3 11 0 
0 6 0 2 
0 14 2 7 
0 15 7 5 
0 15 5 7 
0 11 2 2 
0 16 3 2 
0 11 1 3 
0 3 7 0 