91
16
1 0 0 17 
22 0 17 5 
16 0 5 5 
8 0 5 5 
20 0 5 5 
4 0 5 1 
21 0 1 5 
15 0 5 17 
16 0 17 13 
22 0 13 17 
8 0 17 5 
15 0 5 9 
21 0 9 1 
8 0 1 13 
8 0 13 17 
9 0 17 0 
13 1 0 16 
22 22 16 20 
16 16 20 21 
21 8 21 18 
16 20 18 14 
22 4 14 10 
16 21 10 19 
20 15 19 21 
15 16 21 20 
7 22 20 4 
4 8 4 22 
19 15 22 20 
8 21 22 22 
10 8 22 15 
15 8 7 20 
1 9 20 0 
13 13 0 16 
18 22 16 7 
16 16 7 6 
4 21 6 7 
12 16 20 8 
2 22 8 18 
22 16 18 4 
16 20 4 2 
8 15 2 19 
15 7 19 11 
7 4 11 14 
21 19 14 12 
4 8 12 12 
16 10 12 10 
11 15 3 8 
5 1 8 0 
13 13 0 4 
22 18 4 7 
7 16 22 21 
15 4 21 12 
11 12 12 7 
16 2 7 21 
22 22 21 3 
22 16 3 11 
20 8 11 16 
12 15 4 4 
19 7 4 4 
15 21 22 15 
10 4 15 6 
21 16 6 11 
16 11 11 15 
1 5 15 0 
13 13 0 2 
20 22 2 6 
15 7 15 12 
20 15 12 6 
21 11 6 7 
21 8 7 19 
8 21 19 4 
3 22 4 10 
22 20 10 16 
6 12 16 8 
11 19 8 4 
2 15 4 11 
22 10 11 16 
3 21 16 14 
15 20 14 15 
9 1 15 0 
5 13 0 11 
8 20 11 12 
18 15 12 3 
12 20 3 3 
22 21 3 21 
18 21 21 6 
7 8 6 4 
8 3 4 8 
12 11 8 21 
11 3 21 4 
10 11 4 22 
22 2 22 21 
3 22 21 12 
4 3 12 22 
4 15 19 12 
13 9 12 0 
13 5 0 4 
21 8 4 2 
4 18 2 18 
4 12 18 7 
3 22 7 3 
3 18 3 14 
16 7 14 22 
11 7 22 20 
16 12 4 19 
3 11 19 7 
16 10 7 12 
22 11 12 11 
19 3 11 22 
18 4 22 19 
7 4 19 16 
9 13 21 0 
5 13 0 3 
2 21 3 21 
20 4 7 19 
2 4 19 22 
7 3 22 14 
8 3 14 19 
14 16 19 7 
12 11 7 10 
22 16 10 14 
15 3 14 3 
15 16 3 3 
16 12 3 4 
2 19 4 8 
14 12 8 21 
6 7 19 12 
1 9 12 0 
13 5 0 7 
20 2 7 3 
19 20 19 19 
19 2 19 15 
11 7 11 20 
19 3 20 15 
12 14 15 10 
15 12 22 14 
20 22 14 11 
18 15 11 22 
7 15 3 16 
8 16 21 14 
7 2 14 2 
8 14 2 12 
18 6 12 6 
5 1 7 0 
17 13 0 7 
16 20 7 18 
7 19 18 11 
15 19 11 6 
7 11 6 21 
7 19 21 14 
11 12 14 19 
18 15 19 2 
21 20 2 2 
11 18 2 14 
21 7 14 14 
20 8 14 19 
19 7 3 14 
11 8 14 8 
14 19 8 14 
17 5 19 0 
17 17 0 20 
8 16 20 10 
16 7 20 6 
8 15 6 8 
6 4 8 14 
21 21 14 22 
14 21 22 12 
18 18 12 3 
14 21 11 12 
11 11 12 10 
19 21 10 3 
20 20 20 14 
15 19 14 2 
3 11 3 6 
10 14 6 16 
9 17 8 0 
17 17 0 18 
16 20 18 6 
20 4 6 14 
3 6 14 4 
15 6 15 15 
10 21 15 8 
6 20 8 18 
20 18 18 7 
7 4 7 18 
7 11 18 11 
21 19 19 6 
16 20 6 10 
20 15 10 20 
19 3 20 10 
16 3 10 4 
5 9 4 0 
17 17 0 10 
3 16 10 20 
10 6 20 21 
22 3 18 18 
19 11 18 6 
16 10 6 11 
18 6 11 6 
2 20 6 18 
14 4 18 3 
16 7 3 2 
6 21 18 19 
10 16 19 10 
21 14 10 12 
18 16 12 6 
18 15 6 6 
9 5 19 0 
17 17 0 2 
11 3 2 8 
12 10 8 22 
6 10 22 10 
20 19 10 14 
4 11 14 10 
6 18 6 3 
7 2 3 12 
15 14 12 10 
2 16 20 12 
8 6 3 10 
12 10 10 15 
10 4 15 18 
22 18 18 2 
8 18 2 2 
9 9 15 0 
17 9 0 15 
2 11 12 8 
12 12 8 2 
22 6 2 21 
2 20 8 22 
4 4 11 2 
10 3 2 10 
6 2 12 14 
14 18 14 2 
6 2 2 18 
6 8 10 19 
19 12 18 2 
11 15 2 20 
7 3 3 2 
2 11 10 18 
1 9 10 0 
0 17 0 9 
0 10 9 13 
0 19 13 9 
0 2 9 17 
0 18 17 9 
0 7 9 9 
0 10 9 1 
0 6 1 13 
0 14 13 9 
0 10 1 13 
0 6 13 1 
0 18 1 5 
0 11 17 1 
0 6 1 1 
0 2 1 1 
0 1 5 0 