1,0
2,0
3,0
4,0
5,2
17,2
29,2
48,7
9,9
41,9
6,11
7,13
15,13
8,14
43,14
66,14
23,17
42,17
32,18
10,20
14,20
58,20
21,23
22,23
24,23
39,24
28,27
46,27
37,30
51,30
63,30
26,31
50,31
47,32
67,32
11,35
16,35
12,37
20,38
25,38
30,38
44,40
38,42
18,43
68,43
56,44
31,45
35,45
27,47
81,47
55,48
57,48
62,51
40,51
53,52
34,52
36,53
60,53
52,53
45,53
71,54
64,54
49,53
13,58
90,59
65,59
59,59
61,56
69,61
80,61
75,64
72,64
54,68
74,69
33,69
73,71
77,75
19,75
70,74
83,78
78,79
76,78
84,83
79,79
82,80
85,81
87,85
86,83
91,92
88,89
89,90
92,96
