1,0
4,0
2,0
3,0
17,2
29,2
5,2
74,246
9,8
66,9
41,9
31,38
90,56
8,13
43,13
32,13
92,333
34,46
81,46
60,227
46,129
58,19
6,19
78,269
91,329
67,21
52,23
68,42
75,69
48,25
51,26
69,238
15,27
64,34
65,65
16,30
42,31
39,33
23,33
25,34
7,35
18,36
12,36
63,37
27,38
76,223
82,225
13,43
83,106
45,46
44,89
54,48
86,274
35,50
10,51
73,216
20,53
33,53
24,57
11,57
84,316
14,61
49,62
77,65
88,296
80,76
61,181
79,195
26,68
87,297
36,68
53,76
50,240
71,79
30,83
70,85
55,130
28,103
19,103
85,271
21,111
38,111
89,305
56,115
47,119
57,217
22,173
37,180
62,181
40,201
72,209
59,209
