33
10
1 0 0 1 
14 0 1 2 
14 0 2 1 
11 0 1 4 
12 0 4 4 
11 0 4 4 
11 0 4 2 
13 0 2 1 
5 0 4 1 
3 0 1 0 
3 1 0 13 
7 14 13 14 
5 14 14 13 
6 11 13 14 
5 12 14 14 
10 11 14 9 
14 11 9 10 
5 13 10 14 
11 10 14 12 
3 3 12 0 
3 3 0 8 
11 7 8 10 
13 14 10 7 
14 6 7 7 
10 5 7 13 
11 10 13 6 
8 14 12 11 
8 5 11 10 
9 11 9 12 
1 3 12 0 
2 3 0 12 
10 11 12 13 
5 13 13 6 
13 8 6 8 
7 13 8 7 
9 13 7 6 
11 10 6 11 
8 8 8 7 
14 9 7 11 
3 1 11 0 
4 2 0 8 
5 10 8 8 
6 5 8 14 
5 8 14 6 
5 11 5 13 
5 5 13 5 
9 11 5 7 
9 8 7 8 
14 14 8 11 
4 3 11 0 
4 4 0 10 
13 5 10 10 
9 6 10 12 
12 5 12 7 
11 5 5 11 
5 5 11 5 
10 9 6 6 
8 9 6 12 
8 14 12 9 
4 4 9 0 
3 4 0 6 
13 13 6 12 
7 10 12 10 
9 12 5 7 
7 8 5 9 
6 5 9 9 
9 5 6 7 
11 10 7 14 
13 8 14 5 
2 4 5 0 
2 3 0 8 
7 13 8 10 
10 7 10 11 
12 9 11 7 
12 7 7 6 
6 10 6 12 
9 13 8 6 
12 12 5 13 
12 13 13 9 
2 2 11 0 
1 2 0 10 
7 7 10 6 
9 14 6 13 
6 12 13 6 
6 12 6 14 
9 6 14 8 
7 9 8 9 
8 12 9 14 
8 12 12 10 
4 2 10 0 
0 1 0 3 
0 7 3 2 
0 9 2 3 
0 6 3 2 
0 6 2 2 
0 9 2 1 
0 7 1 3 
0 8 3 1 
0 7 4 1 
0 4 1 0 